Global search done
Min: -3.26001810438
X:   -0.341
Y:   -0.743
Local search done:
Min: -3.26080465717
X:   -0.34053255701
Y:   -0.74293548899
